50 30
9724 -5204
4922 5397
-7362 5940
695 -6528
4390 -2329
3872 5781
7411 -6652
-1967 -6020
-4835 7882
-6357 -3295
-5450 2270
9400 6711
9603 9770
-623 -3034
1045 8590
13 -7249
-4183 827
6782 -3243
-7769 -7878
3358 -7328
-8138 -2175
9171 -5689
-7984 965
-3827 5281
3052 289
-9278 -7012
-6099 -5981
2294 3752
-5062 -682
-22 202
6565 5752
3897 8958
9417 -690
5027 5926
7430 7599
2282 -7074
-6464 -8051
-8130 -161
-1688 3796
8117 -7633
5591 5314
4925 7286
-4355 -3968
6639 2333
3396 5156
5741 -8453
-876 -9921
-6256 5085
-8745 2211
-2834 -1046
