100 85
76303 2383
-74749 9046
10569 -57647
-80593 21972
82144 10840
-69327 -46894
-75395 74401
73314 -93436
-52222 -56813
-24763 18327
-22140 -88873
96217 4381
68908 -5043
-13929 48463
-57674 66499
-57450 53114
-73601 6901
47606 47625
51525 -60135
-13384 69512
11698 10772
-1020 -79442
81544 -83157
5389 -72821
-11601 23989
85569 -73113
-92067 99223
29687 -23578
44020 74018
79790 34619
-43787 1949
-15469 -82250
-85691 -66091
-50177 -96876
14004 94571
-3651 41004
23276 13730
-82565 58272
-29174 24925
54242 17138
51 43243
49819 40849
-26284 85143
28203 24977
27241 -82547
43447 68495
95050 -38731
-90283 42008
68810 -38458
-7478 -11182
-27019 -3013
-88538 -46438
57164 -32254
82088 -37382
83141 59982
54419 20434
-73571 36000
-61443 -76740
-88706 -95392
-92231 91269
-5348 -73345
-23883 66755
-88752 39914
-17317 -86489
95084 -45664
-98094 -5872
-87583 61548
70285 -31261
61293 49230
10753 -82721
-52931 49151
-51542 20263
-96884 51581
-71528 76276
55597 22357
60098 97831
26036 -39518
85671 81725
-90645 -8422
55543 -21662
-23871 44474
65274 -81070
51073 -595
-23549 -3846
87103 40947
-35043 -28878
-13930 -70207
27709 32058
94605 -29453
-66990 -24253
72178 91341
-3442 80814
-40388 -50811
-42064 -62985
51956 95809
96755 90089
-24374 -70358
18025 47736
49572 91148
-40266 -87732

