100 80
-68391 6549
-76000 -96528
94979 13758
17455 -57795
25831 12719
50524 -50580
-75219 -92870
24388 -33917
-55363 -26517
-22146 -49209
-93753 -79783
38852 -46352
-44357 -85012
92172 -59078
19575 -27772
29820 -4127
36577 87995
-45816 13066
40334 61877
-50208 20369
-95462 -30649
-79860 5917
20752 -57403
-75974 43933
58758 -97847
-92812 78310
891 -99755
-32301 -25178
19386 99522
-19485 -3073
-97499 -96489
30245 17959
-7773 -42026
37073 -56813
45762 -13943
-19496 -71875
-21825 -91037
27550 -94662
80137 -22200
-62763 -27376
-64611 85830
-79644 10430
79171 -70151
55947 442
-72514 83578
93990 38555
95758 12535
-57450 -40323
-99804 -66103
90256 -82792
-48667 -55776
58482 -97631
-8469 -42611
26590 -624
24664 91215
-51979 -6913
97382 89521
75174 -9118
72659 -41808
47015 55849
-8515 -95860
-36260 91400
75278 -40180
-18214 -38075
59212 -89148
92315 -54466
-19386 -67645
2580 -82951
-26691 -67551
-52072 53139
3826 5968
97476 52774
-60781 43815
-7315 51553
-52266 35661
-83873 -14042
-15914 -8342
-42979 -95240
-81942 -91504
-88931 50195
-75679 -17842
-24813 -54014
38700 -10189
69344 30425
-93056 43562
-57781 46486
25212 88691
23448 -1858
58019 -64490
-13155 52955
66454 86898
-80312 -15958
96918 43182
85783 97711
99783 -4094
-96337 -38279
-81994 -13043
-49266 -96450
34832 74527
-73010 -31036

