100 90
-49907 51923
-83146 -62213
-56914 90297
-1566 33755
20603 -40242
94966 -30160
-44065 11556
-83792 -66964
-53868 59091
-51275 -49859
85985 13061
85868 94468
7999 -19636
27904 72278
8130 -2542
-96972 38779
74260 46647
-85520 -89896
-56049 51472
-81492 50121
35032 -3587
-73029 33188
-85677 83400
5161 -60382
-76296 -15197
99849 -19793
-10431 8604
-17572 -80178
-88170 -38502
-21746 84342
42881 40326
-10307 -87035
-62081 61563
28482 73639
70897 -73131
38235 98991
50908 76877
-18458 -38819
-66554 62083
96600 17869
39373 77072
67952 61118
-53287 30317
98772 -34250
61268 84978
-41345 13685
39961 56581
-64823 1108
-50335 5007
-87155 60016
77342 -58525
-62699 48889
83069 -4471
34735 -44881
-57098 -65377
4970 71560
40471 18779
79711 -16787
62217 75079
78494 19925
-99612 72411
-47571 47430
-37117 -74823
36681 32670
27554 -88359
40284 69026
-72557 2946
90759 -95849
18041 -1615
-11028 9266
-49623 -63063
11833 68855
95121 51740
14153 40133
37072 13952
-15017 -72899
-30335 -52462
-77940 -34796
65110 60853
-51566 50130
-8034 22985
62981 -88071
55785 -33076
68992 -94486
24232 78717
-30764 -65759
-197 99027
-42128 -81734
-92830 -55742
-37811 -70063
-75193 69674
7096 -98078
-10118 9458
61477 -87552
-47906 -55272
64272 -26511
-59371 9187
59438 -62407
-17834 54312
22606 -63883

